TITLE = "Structure solver displceament, velocity and acceleration"
Variables = t, u, u_dot, u_ddot
0.000000 0.0100000000 0.0000000000 -1.0000000000
0.010000 0.0099501247 -0.0099750623 -0.9950124688
0.020000 0.0098009963 -0.0198506228 -0.9800996262
0.030000 0.0095541023 -0.0295281721 -0.9554102288
0.040000 0.0092119055 -0.0389111760 -0.9211905547
0.050000 0.0087778195 -0.0479060385 -0.8777819475
0.060000 0.0082561741 -0.0564230353 -0.8256174105
0.070000 0.0076521729 -0.0643772088 -0.7652172885
0.080000 0.0069718408 -0.0716892156 -0.6971840763
0.090000 0.0062219641 -0.0782861181 -0.6221964094
0.100000 0.0054100229 -0.0841021116 -0.5410022946
0.110000 0.0045441165 -0.0890791813 -0.4544116482
0.120000 0.0036328822 -0.0931676806 -0.3632882172
0.130000 0.0026854096 -0.0963268265 -0.2685409636
0.140000 0.0017111500 -0.0985251063 -0.1711149972
0.150000 0.0007198215 -0.0997405921 -0.0719821480
0.160000 -0.0002786873 -0.0999611592 0.0278687276
0.170000 -0.0012744161 -0.0991846075 0.1274416109
0.180000 -0.0022574326 -0.0974186831 0.2257432562
0.190000 -0.0032179310 -0.0946810014 0.3217930984
0.200000 -0.0041463303 -0.0909988707 0.4146330345
0.210000 -0.0050333698 -0.0864090206 0.5033369801
0.220000 -0.0058702011 -0.0809572352 0.5870201080
0.230000 -0.0066484767 -0.0746978963 0.6648476738
0.240000 -0.0073604334 -0.0676934412 0.7360433425
0.250000 -0.0079989693 -0.0600137398 0.7998969330
0.260000 -0.0085577150 -0.0517353976 0.8557715017
0.270000 -0.0090310970 -0.0429409916 0.9031096963
0.280000 -0.0094143932 -0.0337182466 0.9414393155
0.290000 -0.0097037802 -0.0241591599 0.9703780187
0.300000 -0.0098963714 -0.0143590841 0.9896371407
0.310000 -0.0099902457 -0.0044157756 0.9990245706
0.320000 -0.0099844667 0.0055715806 0.9984466680
0.330000 -0.0098790920 0.0155033600 0.9879091978
0.340000 -0.0096751727 0.0252804923 0.9675172716
0.350000 -0.0093747430 0.0348054502 0.9374743004
0.360000 -0.0089807996 0.0439832215 0.8980799646
0.370000 -0.0084972723 0.0527222574 0.8497272251
0.380000 -0.0079289840 0.0609353856 0.7928984036
0.390000 -0.0072816037 0.0685406795 0.7281603711
0.400000 -0.0065615889 0.0754622758 0.6561588934
0.410000 -0.0057761219 0.0816311312 0.5776121900
0.420000 -0.0049330377 0.0869857110 0.4933037689
0.430000 -0.0040407461 0.0914726029 0.4040746119
0.440000 -0.0031081479 0.0950470499 0.3108147855
0.450000 -0.0021445456 0.0976733966 0.2144545623
0.460000 -0.0011595514 0.0993254451 0.1159551414
0.470000 -0.0001629906 0.0999867161 0.0162990608
0.480000 0.0008351960 0.0996506134 -0.0835196040
0.490000 0.0018250516 0.0983204896 -0.1825051556
0.500000 0.0027967021 0.0960096128 -0.2796702068
0.510000 0.0037404553 0.0927410341 -0.3740455303
0.520000 0.0046468973 0.0885473579 -0.4646897263
0.530000 0.0055069861 0.0834704162 -0.5506986133
0.540000 0.0063121425 0.0775608519 -0.6312142473
0.550000 0.0070543348 0.0708776132 -0.7054334798
0.560000 0.0077261597 0.0634873660 -0.7726159694
0.570000 0.0083209157 0.0554638283 -0.8320915665
0.580000 0.0088326700 0.0468870355 -0.8832669984
0.590000 0.0092563179 0.0378425415 -0.9256317869
0.600000 0.0095876334 0.0284205659 -0.9587633406
0.610000 0.0098233117 0.0187150933 -0.9823311703
0.620000 0.0099610019 0.0088229366 -0.9961001852
0.630000 0.0099993304 -0.0011572295 -0.9999330387
0.640000 0.0099379150 -0.0111258522 -0.9937914979
0.650000 0.0097773682 -0.0209834938 -0.9777368248
0.660000 0.0095192917 -0.0306318238 -0.9519291660
0.670000 0.0091662595 -0.0399745994 -0.9166259544
0.680000 0.0087217934 -0.0489186259 -0.8721793418
0.690000 0.0081903269 -0.0573746860 -0.8190326858
0.700000 0.0075771613 -0.0652584301 -0.7577161278
0.710000 0.0068884130 -0.0724912172 -0.6888413041
0.720000 0.0061309525 -0.0790009000 -0.6130952455
0.730000 0.0053123352 -0.0847225438 -0.5312335236
0.740000 0.0044407271 -0.0895990750 -0.4440727141
0.750000 0.0035248225 -0.0935818499 -0.3524822517
0.760000 0.0025737576 -0.0966311399 -0.2573757568
0.770000 0.0015970192 -0.0987165283 -0.1597019227
0.780000 0.0006043505 -0.0998172132 -0.0604350520
0.790000 -0.0003943466 -0.0999222151 0.0394346622
0.800000 -0.0013891101 -0.0990304867 0.1389110131
0.810000 -0.0023700172 -0.0971509231 0.2370017180
0.820000 -0.0033272832 -0.0943022729 0.3327283160
0.830000 -0.0042513593 -0.0905129517 0.4251359283
0.840000 -0.0051330278 -0.0858207581 0.5133027832
0.850000 -0.0059634941 -0.0802724972 0.5963494109
0.860000 -0.0067344742 -0.0739235130 0.6734474160
0.870000 -0.0074382774 -0.0668371372 0.7438277411
0.880000 -0.0080678834 -0.0590840568 0.8067883382
0.890000 -0.0086170117 -0.0507416093 0.8617011713
0.900000 -0.0090801848 -0.0418930110 0.9080184814
0.910000 -0.0094527825 -0.0326265274 0.9452782506
0.920000 -0.0097310881 -0.0230345921 0.9731088104
0.930000 -0.0099123255 -0.0132128853 0.9912325490
0.940000 -0.0099946868 -0.0032593791 0.9994686812
0.950000 -0.0099773505 0.0067266395 0.9977350510
0.960000 -0.0098604895 0.0166455595 0.9860489515
0.970000 -0.0096452695 0.0263984391 0.9645269522
0.980000 -0.0093338374 0.0358879925 0.9333837364
0.990000 -0.0089292996 0.0450195610 0.8929299596
1.000000 -0.0084356915 0.0537020565 0.8435691509
1.010000 -0.0078579369 0.0618488707 0.7857936872
1.020000 -0.0072017988 0.0693787386 0.7201798826
1.030000 -0.0064738224 0.0762165492 0.6473822387
1.040000 -0.0056812692 0.0822940950 0.5681269166
1.050000 -0.0048320449 0.0875507520 0.4832044931
1.060000 -0.0039346207 0.0919340849 0.3934620747
1.070000 -0.0029979485 0.0954003695 0.2997948475
1.080000 -0.0020313715 0.0979150294 0.2031371481
1.090000 -0.0010445314 0.0994529809 0.1044531429
1.100000 -0.0000472721 0.0999988827 0.0047272111
1.110000 0.0009504587 0.0995472893 -0.0950458749
1.120000 0.0019387087 0.0981027056 -0.1938708724
1.130000 0.0029076200 0.0956795413 -0.2907619958
1.140000 0.0038475275 0.0923019675 -0.3847527502
1.150000 0.0047490557 0.0880036759 -0.4749055719
1.160000 0.0056032118 0.0828275422 -0.5603211810
1.170000 0.0064014755 0.0768251985 -0.6401475513
1.180000 0.0071358841 0.0700565187 -0.7135884099
1.190000 0.0077991118 0.0625890208 -0.7799111797
1.200000 0.0083845429 0.0544971934 -0.8384542867
1.210000 0.0088863376 0.0458617532 -0.8886337600
1.220000 0.0092994906 0.0367688391 -0.9299490562
1.230000 0.0096198805 0.0273091536 -0.9619880525
1.240000 0.0098443116 0.0175770575 -0.9844311580
1.250000 0.0099705450 0.0076696292 -0.9970545014
1.260000 0.0099973216 -0.0023143041 -0.9997321640
1.270000 0.0099243744 -0.0122751521 -0.9924374358
1.280000 0.0097524308 -0.0221135547 -0.9752430824
1.290000 0.0094832062 -0.0317313732 -0.9483206185
1.300000 0.0091193860 -0.0410326693 -0.9119385972
1.310000 0.0086645993 -0.0499246619 -0.8664599316
1.320000 0.0081233827 -0.0583186530 -0.8123382742
1.330000 0.0075011349 -0.0661309118 -0.7501134918
1.340000 0.0068040628 -0.0732835107 -0.6804062806
1.350000 0.0060391197 -0.0797051019 -0.6039119743
1.360000 0.0052139361 -0.0853316298 -0.5213936084
1.370000 0.0043367431 -0.0901069694 -0.4336743087
1.380000 0.0034162908 -0.0939834864 -0.3416290808
1.390000 0.0024617608 -0.0969225122 -0.2461760816
1.400000 0.0014826746 -0.0988947299 -0.1482674605
1.410000 0.0004887986 -0.0998804665 -0.0488798623
1.420000 -0.0005099532 -0.0998698892 0.0509953156
1.430000 -0.0015036181 -0.0988631036 0.1503618120
1.440000 -0.0024822844 -0.0968701523 0.2482284400
1.450000 -0.0034361897 -0.0939109153 0.3436189738
1.460000 -0.0043558189 -0.0900149110 0.4355818869
1.470000 -0.0052319984 -0.0852210023 0.5231998436
1.480000 -0.0060559885 -0.0795770089 0.6055988492
1.490000 -0.0068195697 -0.0731392298 0.6819569685
1.500000 -0.0075151252 -0.0659718823 0.7515125245
1.510000 -0.0081357170 -0.0581464612 0.8135716963
1.520000 -0.0086751544 -0.0497410255 0.8675154396
1.530000 -0.0091280566 -0.0408394200 0.9128056624
1.540000 -0.0094899059 -0.0315304387 0.9489905918
1.550000 -0.0097570928 -0.0219069394 0.9757092808
1.560000 -0.0099269521 -0.0120649169 0.9926952090
1.570000 -0.0099977894 -0.0021025462 0.9997789405
1.580000 -0.0099688981 0.0078807976 0.9968898148
1.590000 -0.0098405665 0.0177855299 0.9840566511
1.600000 -0.0096140746 0.0275128505 0.9614074609
1.610000 -0.0092916817 0.0369657286 0.9291681713
1.620000 -0.0088766037 0.0460498714 0.8876603713
1.630000 -0.0083729810 0.0546746637 0.8372981038
1.640000 -0.0077858374 0.0627540729 0.7785837354
1.650000 -0.0071210295 0.0702075063 0.7121029458
1.660000 -0.0063851888 0.0769606155 0.6385188849
1.670000 -0.0055856556 0.0829460377 0.5585655583
1.680000 -0.0047304051 0.0881040680 0.4730405054
1.690000 -0.0038279684 0.0923832548 0.3827968440
1.700000 -0.0028873476 0.0957409128 0.2887347603
1.710000 -0.0019179253 0.0981435492 0.1917925292
1.720000 -0.0009293716 0.0995671977 0.0929371558
1.730000 0.0000684527 0.0999976571 -0.0068452716
1.740000 0.0010655942 0.0994306336 -0.1065594170
1.750000 0.0020521063 0.0978717834 -0.2052106255
1.760000 0.0030181485 0.0953366561 -0.3018148452
1.770000 0.0039540844 0.0918505396 -0.3954084431
1.780000 0.0048505782 0.0874482083 -0.4850578171
1.790000 0.0056986871 0.0821735757 -0.5698687091
1.800000 0.0064899513 0.0760792565 -0.6489951252
1.810000 0.0072164777 0.0692260420 -0.7216477745
1.820000 0.0078710194 0.0616822934 -0.7871019422
1.830000 0.0084470472 0.0535232601 -0.8447047190
1.840000 0.0089388151 0.0448303290 -0.8938815136
1.850000 0.0093414178 0.0356902125 -0.9341417843
1.860000 0.0096508393 0.0261940839 -0.9650839325
1.870000 0.0098639931 0.0164366677 -0.9863993083
1.880000 0.0099787529 0.0065152947 -0.9978752895
1.890000 0.0099939740 -0.0034710687 -0.9993974025
1.900000 0.0099095046 -0.0134228081 -0.9909504641
1.910000 0.0097261873 -0.0232406541 -0.9726187330
1.920000 0.0094458507 -0.0328266731 -0.9445850695
1.930000 0.0090712911 -0.0420852440 -0.9071291109
1.940000 0.0086062448 -0.0509240120 -0.8606244830
1.950000 0.0080553507 -0.0592548097 -0.8055350721
1.960000 0.0074241040 -0.0669945371 -0.7424103987
1.970000 0.0067188014 -0.0740659898 -0.6718801353
1.980000 0.0059464783 -0.0803986296 -0.5946478257
1.990000 0.0051148387 -0.0859292880 -0.5114838669
2.000000 0.0042321782 -0.0906027965 -0.4232178246
2.010000 0.0033073016 -0.0943725364 -0.3307301582
2.020000 0.0023494344 -0.0972009044 -0.2349434378
2.030000 0.0013681314 -0.0990596873 -0.1368131420
2.040000 0.0003731813 -0.0999303436 -0.0373181265
2.050000 -0.0006254914 -0.0998041885 0.0625491395
2.060000 -0.0016179247 -0.0986824805 0.1617924740
2.070000 -0.0025942192 -0.0965764085 0.2594219185
2.080000 -0.0035446361 -0.0935069809 0.3544636132
2.090000 -0.0044596951 -0.0895048152 0.4459695113
2.100000 -0.0053302684 -0.0846098335 0.5330268356
2.110000 -0.0061476718 -0.0788708634 0.6147671841
2.120000 -0.0069037519 -0.0723451515 0.6903751916
2.130000 -0.0075909666 -0.0650977922 0.7590966634
2.140000 -0.0082024610 -0.0572010784 0.8202460988
2.150000 -0.0087321353 -0.0487337803 0.8732135282
2.160000 -0.0091747060 -0.0397803597 0.9174705981
2.170000 -0.0095257584 -0.0304301275 0.9525758417
2.180000 -0.0097817908 -0.0207763529 0.9781790819
2.190000 -0.0099402492 -0.0109153328 0.9940249247
2.200000 -0.0099995531 -0.0009454317 0.9999553069
2.210000 -0.0099591107 0.0090339002 0.9959110727
2.220000 -0.0098193256 0.0189231184 0.9819325633
2.230000 -0.0095815922 0.0286235773 0.9581592155
2.240000 -0.0092482817 0.0380385142 0.9248281697
2.250000 -0.0088227191 0.0470740146 0.8822719053
2.260000 -0.0083091492 0.0556399488 0.8309149236
2.270000 -0.0077126951 0.0636508709 0.7712695137
2.280000 -0.0070393064 0.0710268717 0.7039306424
2.290000 -0.0062957002 0.0776943750 0.6295700190
2.300000 -0.0054892940 0.0835868721 0.5489293955
2.310000 -0.0046281317 0.0886455849 0.4628131670
2.320000 -0.0037208035 0.0928200525 0.3720803483
2.330000 -0.0027763600 0.0960686343 0.2776360049
2.340000 -0.0018042223 0.0983589254 0.1804222251
2.350000 -0.0008140872 0.0996680801 0.0814087223
2.360000 0.0001841684 0.0999830396 -0.0184168376
2.370000 0.0011805869 0.0993006619 -0.1180586883
2.380000 0.0021652290 0.0976277540 -0.2165228963
2.390000 0.0031282727 0.0949810032 -0.3128272749
2.400000 0.0040601118 0.0913868109 -0.4060111819
2.410000 0.0049514510 0.0868810295 -0.4951451021
2.420000 0.0057933992 0.0815086043 -0.5793399190
2.430000 0.0065775578 0.0753231258 -0.6577557841
2.440000 0.0072961049 0.0683862944 -0.7296104942
2.450000 0.0079418729 0.0607673055 -0.7941872942
2.460000 0.0085084203 0.0525421589 -0.8508420264
2.470000 0.0089900956 0.0437929010 -0.8990095563
2.480000 0.0093820941 0.0346068062 -0.9382094099
2.490000 0.0096805057 0.0250755063 -0.9680505661
2.500000 0.0098823536 0.0152940767 -0.9882353576
2.510000 0.0099856244 0.0053600877 -0.9985624397
2.520000 0.0099892880 -0.0046273685 -0.9989287993
2.530000 0.0098933078 -0.0145686664 -0.9893307818
2.540000 0.0096986413 -0.0243646410 -0.9698641281
2.550000 0.0094072302 -0.0339175767 -0.9407230193
2.560000 0.0090219814 -0.0431321825 -0.9021981396
2.570000 0.0085467378 -0.0519165421 -0.8546737773
2.580000 0.0079862399 -0.0601830309 -0.7986239908
2.590000 0.0073460788 -0.0678491903 -0.7346078802
2.600000 0.0066326401 -0.0748385497 -0.6632640102
2.610000 0.0058530404 -0.0810813900 -0.5853040403
2.620000 0.0050150563 -0.0865154383 -0.5015056262
2.630000 0.0041270466 -0.0910864898 -0.4127046621
2.640000 0.0031978694 -0.0947489478 -0.3197869433
2.650000 0.0022367933 -0.0974662792 -0.2236793298
2.660000 0.0012534050 -0.0992113783 -0.1253405011
2.670000 0.0002575139 -0.0999668378 -0.0257513930
2.680000 -0.0007409459 -0.0997251218 0.0740945868
2.690000 -0.0017320147 -0.0984886415 0.1732014684
2.700000 -0.0027058065 -0.0962697309 0.2705806547
2.710000 -0.0036526078 -0.0930905237 0.3652607820
2.720000 -0.0045629741 -0.0889827328 0.4562974103
2.730000 -0.0054278244 -0.0839873335 0.5427824434
2.740000 -0.0062385319 -0.0781541554 0.6238531879
2.750000 -0.0069870096 -0.0715413846 0.6987009579
2.760000 -0.0076657914 -0.0642149841 0.7665791422
2.770000 -0.0082681065 -0.0562480352 0.8268106519
2.780000 -0.0087879467 -0.0477200085 0.8787946737
2.790000 -0.0092201266 -0.0387159718 0.9220126639
2.800000 -0.0095603352 -0.0293257409 0.9560335203
2.810000 -0.0098051788 -0.0196429839 0.9805178827
2.820000 -0.0099522152 -0.0097642869 0.9952215181
2.830000 -0.0099999776 0.0002118095 0.9999977568
2.840000 -0.0099479896 0.0101857930 0.9947989556
2.850000 -0.0097967697 0.0200581727 0.9796769727
2.860000 -0.0095478265 0.0297304708 0.9547826510
2.870000 -0.0092036431 0.0391062056 0.9203643128
2.880000 -0.0087676528 0.0480918536 0.8767652832
2.890000 -0.0082442047 0.0565977823 0.8244204652
2.900000 -0.0076385200 0.0645391447 0.7638520017
2.910000 -0.0069566407 0.0718367250 0.6956640669
2.920000 -0.0062053684 0.0784177295 0.6205368396
2.930000 -0.0053921972 0.0842165123 0.5392197187
2.940000 -0.0045252385 0.0891752302 0.4525238474
2.950000 -0.0036131402 0.0932444195 0.3613140226
2.960000 -0.0026650007 0.0963834900 0.2665000678
2.970000 -0.0016902776 0.0985611291 0.1690277583
2.980000 -0.0006986939 0.0997556148 0.0698693863
2.990000 0.0002998594 0.0999550321 -0.0299859371
3.000000 0.0012954215 0.0991573916 -0.1295421490
3.010000 0.0022780617 0.0973706500 -0.2278061698
3.020000 0.0032379781 0.0946126301 -0.3237978099
3.030000 0.0041655955 0.0909108434 -0.4165595467
3.040000 0.0050516608 0.0863022152 -0.5051660760
3.050000 0.0058873354 0.0808327172 -0.5887335422
3.060000 0.0066642835 0.0745569077 -0.6664283546
3.070000 0.0073747550 0.0675373884 -0.7374755026
3.080000 0.0080116629 0.0598441794 -0.8011662865
3.090000 0.0085686539 0.0515540211 -0.8568653868
3.100000 0.0090401720 0.0427496081 -0.9040172014
3.110000 0.0094215139 0.0335187652 -0.9421513881
3.120000 0.0097088756 0.0239535705 -0.9708875559
3.130000 0.0098993906 0.0141494374 -0.9899390598
3.140000 0.0099911586 0.0042041628 -0.9991158599
3.150000 0.0099832642 -0.0057830486 -0.9983264170
3.160000 0.0098757861 -0.0157125737 -0.9875786059
3.170000 0.0096697964 -0.0254853649 -0.9669796365
3.180000 0.0093673499 -0.0350039380 -0.9367349851
3.190000 0.0089714634 -0.0441733447 -0.8971463437
3.200000 0.0084860861 -0.0529021194 -0.8486086117
3.210000 0.0079160596 -0.0611031923 -0.7916059558
3.220000 0.0072670698 -0.0686947570 -0.7267069812
3.230000 0.0065455906 -0.0756010872 -0.6545590591
3.240000 0.0057588187 -0.0817532918 -0.5758818696
3.250000 0.0049146022 -0.0870900023 -0.4914602225
3.260000 0.0040213623 -0.0915579845 -0.4021362291
3.270000 0.0030880090 -0.0951126702 -0.3088009018
3.280000 0.0021238527 -0.0977186010 -0.2123852662
3.290000 0.0011385107 -0.0993497827 -0.1138510743
3.300000 0.0001418121 -0.0999899442 -0.0141812108
3.310000 -0.0008563011 -0.0996326997 0.0856301111
3.320000 -0.0018458727 -0.0982816128 0.1845872673
3.330000 -0.0028170315 -0.0959501607 0.2817031540
3.340000 -0.0037600903 -0.0926615997 0.3760090342
3.350000 -0.0046656420 -0.0884487335 0.4665642008
3.360000 -0.0055246536 -0.0833535857 0.5524653604
3.370000 -0.0063285564 -0.0774269807 0.6328556437
3.380000 -0.0070693315 -0.0707280367 0.7069331524
3.390000 -0.0077395896 -0.0633235762 0.7739589589
3.400000 -0.0083326448 -0.0552874590 0.8332644764
3.410000 -0.0088425813 -0.0466998460 0.8842581289
3.420000 -0.0092643125 -0.0376463991 0.9264312515
3.430000 -0.0095936316 -0.0282174270 0.9593631645
3.440000 -0.0098272537 -0.0185069843 0.9827253701
3.450000 -0.0099628483 -0.0086119333 0.9962848290
3.460000 -0.0099990628 0.0013690222 0.9999062845
3.470000 -0.0099355361 0.0113363217 0.9935536125
3.480000 -0.0097729018 0.0211905407 0.9772901813
3.490000 -0.0095127822 0.0308333827 0.9512782196
3.500000 -0.0091577720 0.0401686598 0.9157771984
3.510000 -0.0087114124 0.0491032520 0.8711412425
3.520000 -0.0081781560 0.0575480362 0.8178155984
3.530000 -0.0075633219 0.0654187752 0.7563321927
3.540000 -0.0068730433 0.0726369577 0.6873043263
3.550000 -0.0061142056 0.0791305822 0.6114205563
3.560000 -0.0052943783 0.0848348741 0.5294378282
3.570000 -0.0044217392 0.0896929328 0.4421739247
3.580000 -0.0035049931 0.0936562990 0.3504993088
3.590000 -0.0025532844 0.0966854378 0.2553284404
3.600000 -0.0015761065 0.0987501332 0.1576106549
3.610000 -0.0005832069 0.0998297900 0.0583206933
3.620000 0.0004155102 0.0999136383 -0.0415510209
3.630000 0.0014100826 0.0990008419 -0.1410082610
3.640000 0.0023905893 0.0971005060 -0.2390589350
3.650000 0.0033472498 0.0942315864 -0.3347249811
3.660000 0.0042705212 0.0904227008 -0.4270521247
3.670000 0.0051511940 0.0857118432 -0.5151193968
3.680000 0.0059804832 0.0801460046 -0.5980483207
3.690000 0.0067501168 0.0737807047 -0.6750116754
3.700000 0.0074524175 0.0666794376 -0.7452417465
3.710000 0.0080803798 0.0589130389 -0.8080379847
3.720000 0.0086277399 0.0505589790 -0.8627739937
3.730000 0.0090890378 0.0417005902 -0.9089037782
3.740000 0.0094596719 0.0324262353 -0.9459671910
3.750000 0.0097359452 0.0228284267 -0.9735945220
3.760000 0.0099151019 0.0130029032 -0.9915101870
3.770000 0.0099953548 0.0030476749 -0.9995354760
3.780000 0.0099759034 -0.0069379542 -0.9975903363
3.790000 0.0098569417 -0.0168543767 -0.9856941709
3.800000 0.0096396564 -0.0266026758 -0.9639656446
3.810000 0.0093262150 -0.0360856115 -0.9326215010
3.820000 0.0089197440 -0.0452085910 -0.8919743997
3.830000 0.0084242980 -0.0538806120 -0.8424297982
3.840000 0.0078448191 -0.0620151705 -0.7844819069
3.850000 0.0071870876 -0.0695311239 -0.7187087597
3.860000 0.0064576645 -0.0763534999 -0.6457664478
3.870000 0.0056638258 -0.0824142450 -0.5663825753
3.880000 0.0048134900 -0.0876529029 -0.4813490014
3.890000 0.0039151394 -0.0920172176 -0.3915139411
3.900000 0.0029777350 -0.0954636549 -0.2977735049
3.910000 0.0020106276 -0.0979578362 -0.2010627593
3.920000 0.0010234640 -0.0994748820 -0.1023464003
3.930000 0.0000260913 -0.0999996596 -0.0026091295
3.940000 -0.0009715417 -0.0995269344 0.0971541676
3.950000 -0.0019594835 -0.0980614219 0.1959483457
3.960000 -0.0029278793 -0.0956177405 0.2927879269
3.970000 -0.0038670693 -0.0922202662 0.3867069303
3.980000 -0.0047676851 -0.0879028890 0.4767685079
3.990000 -0.0056207429 -0.0827086750 0.5620742899
4.000000 -0.0064177335 -0.0766894369 0.6417733459
4.010000 -0.0071507067 -0.0699052168 0.7150706727
4.020000 -0.0078123512 -0.0624236878 0.7812351249
4.030000 -0.0083960671 -0.0543194786 0.8396067081
4.040000 -0.0088960316 -0.0456734293 0.8896031621
4.050000 -0.0093072577 -0.0365717846 0.9307257690
4.060000 -0.0096256433 -0.0271053341 0.9625643284
4.070000 -0.0098480125 -0.0173685062 0.9848012485
4.080000 -0.0099721471 -0.0074584264 0.9972147149
4.090000 -0.0099968090 0.0025260517 0.9996809022
4.100000 -0.0099217521 0.0124853322 0.9921752103
4.110000 -0.0097477251 0.0223200708 0.9747725088
4.120000 -0.0094764639 0.0319321653 0.9476463907
4.130000 -0.0091106744 0.0412257345 0.9110674408
4.140000 -0.0086540054 0.0501080744 0.8654005364
4.150000 -0.0081110121 0.0584905831 0.8111012076
4.160000 -0.0074871109 0.0662896446 0.7487110938
4.170000 -0.0067885254 0.0734274628 0.6788525401
4.180000 -0.0060222239 0.0798328374 0.6022223900
4.190000 -0.0051958503 0.0854418745 0.5195850341
4.200000 -0.0043176478 0.0901986236 0.4317647850
4.210000 -0.0033963766 0.0940556358 0.3396376552
4.220000 -0.0024412262 0.0969744372 0.2441226187
4.230000 -0.0014617244 0.0989259125 0.1461724439
4.240000 -0.0004676419 0.0998905957 0.0467641898
4.250000 0.0005311054 0.0998588639 -0.0531105400
4.260000 0.0015245549 0.0988310338 -0.1524554889
4.270000 0.0025027968 0.0968173579 -0.2502796847
4.280000 0.0034560733 0.0938379229 -0.3456073251
4.290000 0.0043748751 0.0899224487 -0.4374875109
4.300000 0.0052500373 0.0851099925 -0.5250037315
4.310000 0.0060728301 0.0794485588 -0.6072830071
4.320000 0.0068350460 0.0729946208 -0.6835045969
4.330000 0.0075290819 0.0658125568 -0.7529081857
4.340000 0.0081480147 0.0579740086 -0.8148014684
4.350000 0.0086856706 0.0495571660 -0.8685670557
4.360000 0.0091366863 0.0406459875 -0.9136686324
4.370000 0.0094965631 0.0313293628 -0.9496563076
4.380000 0.0097617110 0.0217002258 -0.9761711019
4.390000 0.0099294853 0.0118546276 -0.9929485286
4.400000 0.0099982123 0.0018907788 -0.9998212318
4.410000 0.0099672066 -0.0080919306 -0.9967206559
4.420000 0.0098367773 -0.0179939225 -0.9836777293
4.430000 0.0096082256 -0.0277164240 -0.9608225560
4.440000 0.0092838312 -0.0371624523 -0.9283831179
4.450000 0.0088668300 -0.0462377829 -0.8866830002
4.460000 0.0083613816 -0.0548518888 -0.8361381644
4.470000 0.0077725280 -0.0629188436 -0.7772527982
4.480000 0.0071061429 -0.0703581790 -0.7106142869
4.490000 0.0063688735 -0.0770956872 -0.6368873538
4.500000 0.0055680743 -0.0830641611 -0.5568074297
4.510000 0.0047117332 -0.0882040649 -0.4711733167
4.520000 0.0038083922 -0.0924641275 -0.3808392205
4.530000 0.0028670623 -0.0958018548 -0.2867062293
4.540000 0.0018971333 -0.0981839526 -0.1897133257
4.550000 0.0009082802 -0.0995866593 -0.0908280197
4.560000 -0.0000896330 -0.0999959829 0.0089633013
4.570000 -0.0010866521 -0.0994078403 0.1086652129
4.580000 -0.0020728318 -0.0978280983 0.2072831823
4.590000 -0.0030383349 -0.0952725150 0.3038334889
4.600000 -0.0039735304 -0.0917665823 0.3973530376
4.610000 -0.0048690896 -0.0873452723 0.4869089649
4.620000 -0.0057160794 -0.0820526878 0.5716079450
4.630000 -0.0065060510 -0.0759416226 0.6506051001
4.640000 -0.0072311243 -0.0690730349 0.7231124289
4.650000 -0.0078840667 -0.0615154394 0.7884066660
4.660000 -0.0084583650 -0.0533442236 0.8458364976
4.670000 -0.0089482906 -0.0446408958 0.8948290573
4.680000 -0.0093489564 -0.0354922724 0.9348956414
4.690000 -0.0096563658 -0.0259896112 0.9656365832
4.700000 -0.0098674524 -0.0162277021 0.9867452399
4.710000 -0.0099801105 -0.0063039207 0.9980110513
4.720000 -0.0099932164 0.0036827428 0.9993216402
4.730000 -0.0099066393 0.0136326707 0.9906639335
4.740000 -0.0097212429 0.0234466118 0.9721242922
4.750000 -0.0094388765 0.0330266715 0.9438876506
4.760000 -0.0090623567 0.0422772881 0.9062356708
4.770000 -0.0085954393 0.0511061861 0.8595439336
4.780000 -0.0080427819 0.0594252968 0.8042781922
4.790000 -0.0074098973 0.0671516364 0.7409897256
4.800000 -0.0067030984 0.0742081342 0.6703098403
4.810000 -0.0059294357 0.0805244013 0.5929435726
4.820000 -0.0050966266 0.0860374324 0.5096626558
4.830000 -0.0042129782 0.0906922348 0.4212978222
4.840000 -0.0032873052 0.0944423765 0.3287305166
4.850000 -0.0023288410 0.0972504496 0.2328841036
4.860000 -0.0013471466 0.0990884434 0.1347146571
4.870000 -0.0003520142 0.0999380238 0.0352014235
4.880000 0.0006466295 0.0997907162 -0.0646629465
4.890000 0.0016388230 0.0986479899 -0.1638822995
4.900000 0.0026146692 0.0965212439 -0.2614669164
4.910000 0.0035644338 0.0934316924 -0.3564433845
4.920000 0.0044786431 0.0894101539 -0.4478643077
4.930000 0.0053481776 0.0844967436 -0.5348177564
4.940000 0.0061643636 0.0787404730 -0.6164363647
4.950000 0.0069190598 0.0721987612 -0.6919059818
4.960000 0.0076047379 0.0649368624 -0.7604737936
4.970000 0.0082145583 0.0570272142 -0.8214558319
4.980000 0.0087424380 0.0485487161 -0.8742437970
4.990000 0.0091831113 0.0395859415 -0.9183111258
5.000000 0.0095321824 0.0302282946 -0.9532182438
5.010000 0.0097861695 0.0205691187 -0.9786169505
5.020000 0.0099425389 0.0107047644 -0.9942538920
5.030000 0.0099997309 0.0007336295 -0.9999730890
5.040000 0.0099571749 -0.0092448234 -0.9957174921
5.050000 0.0098152955 -0.0191310586 -0.9815295511
5.060000 0.0095755079 -0.0288264603 -0.9575507917
5.070000 0.0092402040 -0.0382343163 -0.9240204034
5.080000 0.0088127285 -0.0472607826 -0.8812728540
5.090000 0.0082973455 -0.0558158196 -0.8297345529
5.100000 0.0076991960 -0.0638140904 -0.7699195979
5.110000 0.0070242465 -0.0711758116 -0.7024246470
5.120000 0.0062792297 -0.0778275496 -0.6279229663
5.130000 0.0054715772 -0.0837029530 -0.5471577150
5.140000 0.0046093453 -0.0887434143 -0.4609345313
5.150000 0.0037011350 -0.0928986544 -0.3701134970
5.160000 0.0027560056 -0.0961272247 -0.2756005574
5.170000 0.0017833849 -0.0983969199 -0.1783384851
5.180000 0.0007929748 -0.0996850997 -0.0792974753
5.190000 -0.0002053453 -0.0999789144 0.0205345317
5.200000 -0.0012016171 -0.0992754332 0.1201617056
5.210000 -0.0021859026 -0.0975816734 0.2185902589
5.220000 -0.0031483836 -0.0949145303 0.3148383608
5.230000 -0.0040794593 -0.0913006089 0.4079459304
5.240000 -0.0049698421 -0.0867759581 0.4969842139
5.250000 -0.0058106505 -0.0813857118 0.5810650489
5.260000 -0.0065934972 -0.0751836380 0.6593497238
5.270000 -0.0073105734 -0.0682316026 0.7310573441
5.280000 -0.0079547262 -0.0605989528 0.7954726218
5.290000 -0.0085195301 -0.0523618246 0.8519530105
5.300000 -0.0089993511 -0.0436023840 0.8999351148
5.310000 -0.0093894031 -0.0344080069 0.9389403103
5.320000 -0.0096857952 -0.0248704077 0.9685795176
5.330000 -0.0098855708 -0.0150847247 0.9885570838
5.340000 -0.0099867373 -0.0051485707 0.9986737315
5.350000 -0.0099882855 0.0048389407 0.9988285465
5.360000 -0.0098901998 0.0147781834 0.9890199844
5.370000 -0.0096934589 0.0245700127 0.9693458864
5.380000 -0.0094000250 0.0341167547 0.9400025027
5.390000 -0.0090128254 0.0433231799 0.9012825354
5.400000 -0.0085357222 0.0520974536 0.8535722186
5.410000 -0.0079734747 0.0603520521 0.7973474658
5.420000 -0.0073316912 0.0680046350 0.7331691222
5.430000 -0.0066167737 0.0749788675 0.6616773710
5.440000 -0.0058358535 0.0812051811 0.5835853467
5.450000 -0.0049967202 0.0866214679 0.4996720223
5.460000 -0.0041077444 0.0911737002 0.4107744382
5.470000 -0.0031777935 0.0948164692 0.3177793535
5.480000 -0.0022161440 0.0975134379 0.2216144000
5.490000 -0.0012323883 0.0992377041 0.1232388290
5.500000 -0.0002363394 0.0999720679 0.0236339430
5.510000 0.0007620669 0.0997092042 -0.0762066931
5.520000 0.0017528716 0.0984517349 -0.1752871627
5.530000 0.0027261913 0.0962122034 -0.2726191318
5.540000 0.0036723171 0.0930129492 -0.3672317082
5.550000 0.0045818113 0.0888858851 -0.4581811253
5.560000 0.0054456016 0.0838721787 -0.5445601572
5.570000 0.0062550717 0.0780218420 -0.6255071675
5.580000 0.0070021470 0.0713932327 -0.7002147049
5.590000 0.0076793756 0.0640524714 -0.7679375569
5.600000 0.0082800018 0.0560727827 -0.8280001839
5.610000 0.0087980346 0.0475337645 -0.8798034574
5.620000 0.0092283064 0.0385205940 -0.9228306367
5.630000 0.0095665252 0.0291231782 -0.9566525227
5.640000 0.0098093174 0.0194352569 -0.9809317403
5.650000 0.0099542610 0.0095534677 -0.9954261025
5.660000 0.0099999103 -0.0004236180 -0.9999910273
5.670000 0.0099458098 -0.0103964780 -0.9945809793
5.680000 0.0097924992 -0.0202656325 -0.9792499241
5.690000 0.0095415079 -0.0299326361 -0.9541507897
5.700000 0.0091953394 -0.0393010598 -0.9195339418
5.710000 0.0087574469 -0.0482774529 -0.8757446854
5.720000 0.0082321982 -0.0567722754 -0.8232198213
5.730000 0.0076248329 -0.0647007910 -0.7624832880
5.740000 0.0069414094 -0.0719839121 -0.6941409365
5.750000 0.0061887449 -0.0785489892 -0.6188744858
5.760000 0.0053743472 -0.0843305353 -0.5374347236
5.770000 0.0045063402 -0.0892708790 -0.4506340165
5.780000 0.0035933821 -0.0933207401 -0.3593382069
5.790000 0.0026445798 -0.0964397210 -0.2644579764
5.800000 0.0016693976 -0.0985967097 -0.1669397610
5.810000 0.0006775631 -0.0997701901 -0.0677563112
5.820000 -0.0003210301 -0.0999484565 0.0321030121
5.830000 -0.0013164211 -0.0991297310 0.1316421059
5.840000 -0.0022986806 -0.0973221801 0.2298680614
5.850000 -0.0032580107 -0.0945438345 0.3258010687
5.860000 -0.0041848419 -0.0908224082 0.4184841900
5.870000 -0.0050699291 -0.0861950227 0.5069929055
5.880000 -0.0059044434 -0.0807078365 0.5904443351
5.890000 -0.0066800605 -0.0744155846 0.6680060456
5.900000 -0.0073890435 -0.0673810326 0.7389043542
5.910000 -0.0080243205 -0.0596743506 0.8024320458
5.920000 -0.0085795543 -0.0513724132 0.8579554277
5.930000 -0.0090492065 -0.0425580328 0.9049206507
5.940000 -0.0094285923 -0.0333191334 0.9428592339
5.950000 -0.0097139274 -0.0237478736 0.9713927373
5.960000 -0.0099023654 -0.0139397272 0.9902365377
5.970000 -0.0099920267 -0.0039925312 0.9992026669
5.980000 -0.0099820169 0.0059944906 0.9982016871
5.990000 -0.0098724358 0.0159217170 0.9872435834
6.000000 -0.0096643766 0.0256901232 0.9664376633
6.010000 -0.0093599147 0.0352022689 0.9359914673
6.020000 -0.0089620870 0.0443632697 0.8962086980
6.030000 -0.0084748619 0.0530817441 0.8474861911
6.040000 -0.0079030996 0.0612707249 0.7903099566
6.050000 -0.0072525033 0.0688485263 0.7252503310
6.060000 -0.0065295629 0.0757395594 0.6529562882
6.070000 -0.0057414897 0.0818750857 0.5741489656
6.080000 -0.0048961447 0.0871939028 0.4896144714
6.090000 -0.0040019604 0.0916429554 0.4001960422
6.100000 -0.0030678563 0.0951778638 0.3067856326
6.110000 -0.0021031502 0.0977633670 0.2103150172
6.120000 -0.0011174650 0.0993736746 0.1117464964
6.130000 -0.0001206330 0.0999927236 0.0120632973
6.140000 0.0008774023 0.0996143389 -0.0877402339
6.150000 0.0018666855 0.0982422950 -0.1866685509
6.160000 0.0028373484 0.0958902780 -0.2837348374
6.170000 0.0037797085 0.0925817496 -0.3779708512
6.180000 0.0046843658 0.0883497124 -0.4684365822
6.190000 0.0055422963 0.0832363814 -0.5542296291
6.200000 0.0063449420 0.0772927622 -0.6344942009
6.210000 0.0070842965 0.0705781429 -0.7084296534
6.220000 0.0077529848 0.0631595023 -0.7752984761
6.230000 0.0083443365 0.0551108417 -0.8344336480
6.240000 0.0088524529 0.0465124470 -0.8852452924
6.250000 0.0092722656 0.0374500877 -0.9272265597
6.260000 0.0095995868 0.0280141615 -0.9599586843
6.270000 0.0098311516 0.0182987923 -0.9831151612
6.280000 0.0099646500 0.0084008914 -0.9964650030
6.290000 0.0099987504 -0.0015808088 -0.9998750444
6.300000 0.0099331127 -0.0115467404 -0.9933112698
6.310000 0.0097683915 -0.0213974925 -0.9768391534
6.320000 0.0095062301 -0.0310348033 -0.9506230055
6.330000 0.0091492433 -0.0403625400 -0.9149243339
6.340000 0.0087009923 -0.0492876578 -0.8700992350
6.350000 0.0081659484 -0.0577211282 -0.8165948420
6.360000 0.0075494486 -0.0655788267 -0.7549448645
6.370000 0.0068576426 -0.0727823724 -0.6857642649
6.380000 0.0060974312 -0.0792599093 -0.6097431241
6.390000 0.0052763976 -0.0849468237 -0.5276397576
6.400000 0.0044027315 -0.0897863883 -0.4402731516
6.410000 0.0034851479 -0.0937303280 -0.3485147934
6.420000 0.0025327998 -0.0967393019 -0.2532799785
6.430000 0.0015551868 -0.0987832952 -0.1555186800
6.440000 0.0005620607 -0.0998419189 -0.0562060729
6.450000 -0.0004366719 -0.0999046133 0.0436671932
6.460000 -0.0014310488 -0.0989707530 0.1431048763
6.470000 -0.0024111508 -0.0970496532 0.2411150794
6.480000 -0.0033672014 -0.0941604771 0.3367201445
6.490000 -0.0042896641 -0.0903320443 0.4289664052
6.500000 -0.0051693370 -0.0856025438 0.5169336993
6.510000 -0.0059974455 -0.0800191526 0.5997445475
6.520000 -0.0067657291 -0.0736375653 0.6765729064
6.530000 -0.0074665241 -0.0665214387 0.7466524084
6.540000 -0.0080928401 -0.0587417567 0.8092840061
6.550000 -0.0086384295 -0.0503761219 0.8638429454
6.560000 -0.0090978500 -0.0415079822 0.9097849974
6.570000 -0.0094665189 -0.0322257978 0.9466518874
6.580000 -0.0097407587 -0.0226221590 0.9740758658
6.590000 -0.0099178338 -0.0127928628 0.9917833766
6.600000 -0.0099959779 -0.0028359570 0.9995977865
6.610000 -0.0099744115 0.0071492377 0.9974411461
6.620000 -0.0098533497 0.0170631183 0.9853349682
6.630000 -0.0096340001 0.0268067932 0.9634000124
6.640000 -0.0093185508 0.0362830686 0.9318550815
6.650000 -0.0089101484 0.0453974182 0.8910148381
6.660000 -0.0084128667 0.0540589258 0.8412866661
6.670000 -0.0078316661 0.0621811921 0.7831666071
6.680000 -0.0071723441 0.0696831972 0.7172344124
6.690000 -0.0064414776 0.0764901081 0.6441477598
6.700000 -0.0056463569 0.0825340254 0.5646356931
6.710000 -0.0047949135 0.0877546606 0.4794913501
6.720000 -0.0038956405 0.0920999376 0.3895640510
6.730000 -0.0029575083 0.0955265120 0.2957508263
6.740000 -0.0019898747 0.0980002034 0.1989874686
6.750000 -0.0010023920 0.0994963368 0.1002391985
6.760000 -0.0000049104 0.0999999879 0.0004910361
6.770000 0.0009926202 0.0995061330 -0.0992620244
6.780000 0.0019802494 0.0980196982 -0.1980249400
6.790000 0.0029481254 0.0955555108 -0.2948125444
6.800000 0.0038865938 0.0921381512 -0.3886593754
6.810000 0.0047862930 0.0878017078 -0.4786293049
6.820000 0.0056382488 0.0825894368 -0.5638248772
6.830000 0.0064339626 0.0765533312 -0.6433962612
6.840000 0.0071654973 0.0697536012 -0.7165497274
6.850000 0.0078255557 0.0622580748 -0.7825555653
6.860000 0.0084075536 0.0541415201 -0.8407553628
6.870000 0.0089056857 0.0454849004 -0.8905685730
6.880000 0.0093149831 0.0363745660 -0.9314983063
6.890000 0.0096313629 0.0269013931 -0.9631362858
6.900000 0.0098516692 0.0171598770 -0.9851669209
6.910000 0.0099737045 0.0072471902 -0.9973704545
6.920000 0.0099962516 -0.0027377879 -0.9996251556
6.930000 0.0099190853 -0.0126954563 -0.9919085335
6.940000 0.0097429756 -0.0225264868 -0.9742975619
6.950000 0.0094696791 -0.0321328142 -0.9469679114
6.960000 0.0091019220 -0.0414186147 -0.9101921970
6.970000 0.0086433726 -0.0502912620 -0.8643372586
6.980000 0.0080986050 -0.0586622508 -0.8098605022
6.990000 0.0074730534 -0.0664480800 -0.7473053368
7.000000 0.0067729575 -0.0735710855 -0.6772957541
7.010000 0.0060053010 -0.0799602147 -0.6005301040
7.020000 0.0051777413 -0.0855517359 -0.5177741287
7.030000 0.0042985332 -0.0902898732 -0.4298533242
7.040000 0.0033764471 -0.0941273633 -0.3376447059
7.050000 0.0024206806 -0.0970259272 -0.2420680607
7.060000 0.0014407677 -0.0989566513 -0.1440767714
7.070000 0.0004464831 -0.0999002767 -0.0446483074
7.080000 -0.0005522553 -0.0998473906 0.0552255262
7.090000 -0.0015454848 -0.0987985206 0.1545484818
7.100000 -0.0025232981 -0.0967641291 0.2523298067
7.110000 -0.0034759413 -0.0937645095 0.3475941260
7.120000 -0.0043939117 -0.0898295830 0.4393911722
7.130000 -0.0052680526 -0.0849986008 0.5268052641
7.140000 -0.0060896444 -0.0793197523 0.6089644406
7.150000 -0.0068504916 -0.0728496843 0.6850491589
7.160000 -0.0075430047 -0.0656529361 0.7543004691
7.170000 -0.0081602759 -0.0578012959 0.8160275851
7.180000 -0.0086961478 -0.0493730841 0.8696147751
7.190000 -0.0091452750 -0.0404523727 0.9145275034
7.200000 -0.0095031776 -0.0311281463 0.9503177629
7.210000 -0.0097662854 -0.0214934148 0.9766285435
7.220000 -0.0099319739 -0.0116442851 0.9931973935
7.230000 -0.0099985904 -0.0016790030 0.9998590375
7.240000 -0.0099654703 0.0083030273 0.9965470253
7.250000 -0.0098329439 0.0182022344 0.9832943944
7.260000 -0.0096023334 0.0279198731 0.9602333406
7.270000 -0.0092759390 0.0373590093 0.9275938994
7.280000 -0.0088570165 0.0464254871 0.8857016512
7.290000 -0.0083497447 0.0550288677 0.8349744738
7.300000 -0.0077591837 0.0630833319 0.7759183740
7.310000 -0.0070912244 0.0705085360 0.7091224400
7.320000 -0.0063525297 0.0772304130 0.6352529655
7.330000 -0.0055504680 0.0831819119 0.5550468031
7.340000 -0.0046930401 0.0883036660 0.4693040141
7.350000 -0.0037887989 0.0925445855 0.3788798884
7.360000 -0.0028467641 0.0958623670 0.2846764122
7.370000 -0.0018763327 0.0982239154 0.1876332710
7.380000 -0.0008871848 0.0996056741 0.0887184762
7.390000 0.0001108129 0.0999938601 -0.0110812909
7.400000 0.0011077052 0.0993846010 -0.1107705214
7.410000 0.0020935481 0.0977839743 -0.2093548091
7.420000 0.0030585077 0.0952079465 -0.3058507695
7.430000 0.0039929585 0.0916822134 -0.3992958494
7.440000 0.0048875793 0.0872419445 -0.4887579283
7.450000 0.0057334462 0.0819314317 -0.5733446164
7.460000 0.0065221216 0.0758036479 -0.6522121562
7.470000 0.0072457384 0.0689197179 -0.7245738391
7.480000 0.0078970785 0.0613483094 -0.7897078528
7.490000 0.0084696448 0.0531649478 -0.8469644814
7.500000 0.0089577259 0.0444512624 -0.8957725865
7.510000 0.0093564530 0.0352941730 -0.9356453042
7.520000 0.0096618490 0.0257850220 -0.9661849017
7.530000 0.0098708674 0.0160186637 -0.9870867445
7.540000 0.0099814234 0.0060925183 -0.9981423356
7.550000 0.0099924139 -0.0038944003 -0.9992413946
7.560000 0.0099037296 -0.0138424721 -0.9903729584
7.570000 0.0097162549 -0.0236524643 -0.9716254901
7.580000 0.0094318600 -0.0332265218 -0.9431859971
7.590000 0.0090533816 -0.0424691426 -0.9053381649
7.600000 0.0085845953 -0.0512881310 -0.8584595281
7.610000 0.0080301770 -0.0595955172 -0.8030177040
7.620000 0.0073956573 -0.0673084344 -0.7395657282
7.630000 0.0066873654 -0.0743499457 -0.6687365382
7.640000 0.0059123666 -0.0806498117 -0.5912366595
7.650000 0.0050783916 -0.0861451908 -0.5078391582
7.660000 0.0041937593 -0.0907812662 -0.4193759297
7.670000 0.0032672940 -0.0945117929 -0.3267294002
7.680000 0.0023082372 -0.0972995585 -0.2308237245
7.690000 0.0013261557 -0.0991167549 -0.1326155678
7.700000 0.0003308456 -0.0999452556 -0.0330845625
7.710000 -0.0006677646 -0.0997767961 0.0667764633
7.720000 -0.0016597139 -0.0986130568 0.1659713898
7.730000 -0.0026351074 -0.0964656462 0.2635107413
7.740000 -0.0035842156 -0.0933559847 0.3584215567
7.750000 -0.0044975709 -0.0893150914 0.4497570948
7.760000 -0.0053660628 -0.0843832746 0.5366062778
7.770000 -0.0061810278 -0.0786097293 0.6181027797
7.780000 -0.0069343367 -0.0720520470 0.6934336679
7.790000 -0.0076184751 -0.0647756411 0.7618475120
7.800000 -0.0082266188 -0.0568530942 0.8226618796
7.810000 -0.0087527014 -0.0483634341 0.8752701437
7.820000 -0.0091914753 -0.0393913457 0.9191475336
7.830000 -0.0095385637 -0.0300263262 0.9538563695
7.840000 -0.0097905043 -0.0203617922 0.9790504287
7.850000 -0.0099447840 -0.0104941480 0.9944783988
7.860000 -0.0099998638 -0.0005218241 0.9999863849
7.870000 -0.0099551944 0.0094557050 0.9955194444
7.880000 -0.0098112214 0.0193389129 0.9811221355
7.890000 -0.0095693807 0.0290292140 0.9569380720
7.900000 -0.0092320849 0.0384299468 0.9232084916
7.910000 -0.0088026985 0.0474473385 0.8802698490
7.920000 -0.0082855046 0.0559914400 0.8285504597
7.930000 -0.0076856623 0.0639770235 0.7685662280
7.940000 -0.0070091550 0.0713244321 0.7009155002
7.950000 -0.0062627310 0.0779603751 0.6262730966
7.960000 -0.0054538358 0.0838186585 0.5453835798
7.970000 -0.0045905383 0.0888408455 0.4590538278
7.980000 -0.0036814499 0.0929768396 0.3681449853
7.990000 -0.0027356387 0.0961853839 0.2735638735
8.000000 -0.0017625395 0.0984344730 0.1762539451
8.010000 -0.0007718587 0.0997016721 0.0771858726
8.020000 0.0002265213 0.0999743407 -0.0226521338
8.030000 0.0012226418 0.0992497592 -0.1222641838
8.040000 0.0022065664 0.0975351550 -0.2206566409
8.050000 0.0031684803 0.0948476317 -0.3168480342
8.060000 0.0040987885 0.0912139972 -0.4098788487
8.070000 0.0049882110 0.0866704975 -0.4988210961
8.080000 0.0058278757 0.0812624542 -0.5827875719
8.090000 0.0066094071 0.0750438128 -0.6609407054
8.100000 0.0073250091 0.0680766047 -0.7325009142
8.110000 0.0079675438 0.0604303282 -0.7967543806
8.120000 0.0085306017 0.0521812555 -0.8530601725
8.130000 0.0090085664 0.0434116714 -0.9008566359
8.140000 0.0093966700 0.0342090532 -0.9396669982
8.150000 0.0096910412 0.0246651976 -0.9691041237
8.160000 0.0098887438 0.0148753051 -0.9888743751
8.170000 0.0099878054 0.0049370306 -0.9987805429
8.180000 0.0099872381 -0.0050504912 -0.9987238126
8.190000 0.0098870475 -0.0149876340 -0.9887047500
8.200000 0.0096882330 -0.0247752743 -0.9688232958
8.210000 0.0093927777 -0.0343157796 -0.9392777689
8.220000 0.0090036289 -0.0435139829 -0.9003628877
8.230000 0.0085246683 -0.0522781315 -0.8524668305
8.240000 0.0079606736 -0.0605208024 -0.7960673636
8.250000 0.0073172708 -0.0681597746 -0.7317270750
8.260000 0.0066008776 -0.0751188488 -0.6600877633
8.270000 0.0058186403 -0.0813286078 -0.5818640350
8.280000 0.0049783618 -0.0867271089 -0.4978361767
8.290000 0.0040884237 -0.0912605016 -0.4088423714
8.300000 0.0031577034 -0.0948835652 -0.3157703380
8.310000 0.0021954848 -0.0975601592 -0.2195484759
8.320000 0.0012113660 -0.0992635846 -0.1211366039
8.330000 0.0002151639 -0.0999768496 -0.0215163868
8.340000 -0.0007831846 -0.0996928392 0.0783184576
8.350000 -0.0017737207 -0.0984143866 0.1773720705
8.360000 -0.0027465639 -0.0961542443 0.2746563859
8.370000 -0.0036920099 -0.0929349574 0.3692009868
8.380000 -0.0046006278 -0.0887886386 0.4600627848
8.390000 -0.0054633543 -0.0837566475 0.5463354278
8.400000 -0.0062715834 -0.0778891787 0.6271583409
8.410000 -0.0070172531 -0.0712447604 0.7017253105
8.420000 -0.0076929253 -0.0638896712 0.7692925263
8.430000 -0.0082918600 -0.0558972786 0.8291860012
8.440000 -0.0088080829 -0.0473473071 0.8808082941
8.450000 -0.0092364447 -0.0383250433 0.9236444693
8.460000 -0.0095726723 -0.0289204848 0.9572672333
8.470000 -0.0098134120 -0.0192274426 0.9813411970
8.480000 -0.0099562622 -0.0093426055 0.9956262211
8.490000 -0.0099997981 0.0006354246 0.9999798116
8.500000 -0.0099435854 0.0106071164 0.9943585411
8.510000 -0.0097881848 0.0204730015 0.9788184821
8.520000 -0.0095351465 0.0301346671 0.9535146478
8.530000 -0.0091869945 0.0394957376 0.9186994454
8.540000 -0.0087472016 0.0484628356 0.8747201588
8.550000 -0.0082201548 0.0569465138 0.8220154841
8.560000 -0.0076111115 0.0648621470 0.7611111536
8.570000 -0.0069261469 0.0721307763 0.6926146920
8.580000 -0.0061720936 0.0786798965 0.6172093556
8.590000 -0.0053564732 0.0844441799 0.5356473174
8.600000 -0.0044874216 0.0893661273 0.4487421638
8.610000 -0.0035736078 0.0933966420 0.3573607792
8.620000 -0.0026241470 0.0964955194 0.2624146985
8.630000 -0.0016485101 0.0986318479 0.1648510149
8.640000 -0.0006564293 0.0997843177 0.0656429320
8.650000 0.0003421994 0.0999414326 -0.0342199431
8.660000 0.0013374147 0.0991016255 -0.1337414722
8.670000 0.0023192892 0.0972732736 -0.2319289218
8.680000 0.0032780287 0.0944746146 -0.3278028659
8.690000 0.0042040696 0.0907335655 -0.4204069559
8.700000 0.0050881746 0.0860874434 -0.5088174604
8.710000 0.0059215248 0.0805825938 -0.5921524790
8.720000 0.0066958074 0.0742739277 -0.6695807397
8.730000 0.0074032989 0.0672243745 -0.7403298908
8.740000 0.0080369421 0.0595042540 -0.8036942051
8.750000 0.0085904162 0.0511905749 -0.8590416195
8.760000 0.0090582004 0.0423662666 -0.9058200403
8.770000 0.0094356285 0.0331193522 -0.9435628497
8.780000 0.0097189356 0.0235420701 -0.9718935608
8.790000 0.0099052957 0.0137299544 -0.9905295731
8.800000 0.0099928499 0.0037808816 -0.9992849911
8.810000 0.0099807248 -0.0062059057 -0.9980724790
8.820000 0.0098690413 -0.0161307888 -0.9869041318
8.830000 0.0096589135 -0.0258947662 -0.9658913543
8.840000 0.0093524375 -0.0354004417 -0.9352437503
8.850000 0.0089526703 -0.0445529957 -0.8952670316
8.860000 0.0084635997 -0.0532611307 -0.8463599684
8.870000 0.0078901041 -0.0614379826 -0.7890104118
8.880000 0.0072379043 -0.0690019868 -0.7237904271
8.890000 0.0065135059 -0.0758776918 -0.6513505879
8.900000 0.0057241349 -0.0819965122 -0.5724134858
8.910000 0.0048776652 -0.0872974122 -0.4877665236
8.920000 0.0039825406 -0.0917275152 -0.3982540599
8.930000 0.0030476899 -0.0952426304 -0.3047689871
8.940000 0.0020824382 -0.0978076945 -0.2082438247
8.950000 0.0010964142 -0.0993971207 -0.1096414172
8.960000 0.0000994533 -0.0999950544 -0.0099453296
8.970000 -0.0008984996 -0.0995955312 0.0898499632
8.980000 -0.0018874900 -0.0982025364 0.1887489970
8.990000 -0.0028576525 -0.0958299652 0.2857652478
9.000000 -0.0037993097 -0.0925014841 0.3799309725
9.010000 -0.0047030686 -0.0882502949 0.4703068620
9.020000 -0.0055599141 -0.0831188036 0.5559914113
9.030000 -0.0063612991 -0.0771581970 0.6361299115
9.040000 -0.0070992298 -0.0704279325 0.7099229762
9.050000 -0.0077663452 -0.0629951451 0.7766345150
9.060000 -0.0083559908 -0.0549339771 0.8355990761
9.070000 -0.0088622848 -0.0463248393 0.8862284843
9.080000 -0.0092801771 -0.0372536083 0.9280177081
9.090000 -0.0096054990 -0.0278107703 0.9605498974
9.100000 -0.0098350054 -0.0180905181 0.9835005417
9.110000 -0.0099664071 -0.0081898119 0.9966407066
9.120000 -0.0099983932 0.0017925883 0.9998393185
9.130000 -0.0099306447 0.0117571072 0.9930644707
9.140000 -0.0097638374 0.0216043483 0.9763837430
9.150000 -0.0094996353 0.0312360846 0.9499635266
9.160000 -0.0091406736 0.0405562391 0.9140673647
9.170000 -0.0086905332 0.0494718425 0.8690533239
9.180000 -0.0081537042 0.0578939612 0.8153704220
9.190000 -0.0075355415 0.0657385841 0.7535541494
9.200000 -0.0068422113 0.0729274605 0.6842211271
9.210000 -0.0060806296 0.0793888809 0.6080629564
9.220000 -0.0052583932 0.0850583923 0.5258393198
9.230000 -0.0043837040 0.0898794409 0.4383704032
9.240000 -0.0034652871 0.0938039365 0.3465287145
9.250000 -0.0025123038 0.0967927320 0.2512303803
9.260000 -0.0015342601 0.0988160139 0.1534260073
9.270000 -0.0005409120 0.0998535999 0.0540912004
9.280000 0.0004578317 0.0998951401 -0.0457831696
9.290000 0.0014520085 0.0989402200 -0.1452008496
9.300000 0.0024317014 0.0969983650 -0.2431701421
9.310000 0.0033871380 0.0940889453 -0.3387137973
9.320000 0.0043087876 0.0902409825 -0.4308787613
9.330000 0.0051874568 0.0854928603 -0.5187456827
9.340000 0.0060143808 0.0798919415 -0.6014380836
9.350000 0.0067813110 0.0734940956 -0.6781311021
9.360000 0.0074805972 0.0663631415 -0.7480597207
9.370000 0.0081052640 0.0585702109 -0.8105263968
9.380000 0.0086490802 0.0501930388 -0.8649080216
9.390000 0.0091066214 0.0413151880 -0.9106621350
9.400000 0.0094733234 0.0320252156 -0.9473323368
9.410000 0.0097455284 0.0224157897 -0.9745528395
9.420000 0.0099205212 0.0125827650 -0.9920521169
9.430000 0.0099965561 0.0026242263 -0.9996556125
9.440000 0.0099728748 -0.0073604891 -0.9972874811
9.450000 0.0098497134 -0.0172717833 -0.9849713449
9.460000 0.0096283006 -0.0270107903 -0.9628300581
9.470000 0.0093108448 -0.0364803630 -0.9310844815
9.480000 0.0089005128 -0.0455860418 -0.8900512791
9.490000 0.0084013976 -0.0542369970 -0.8401397597
9.500000 0.0078184779 -0.0623469348 -0.7818477938
9.510000 0.0071575685 -0.0698349580 -0.7157568474
9.520000 0.0064252618 -0.0766263731 -0.6425261819
9.530000 0.0056288628 -0.0826534354 -0.5628862776
9.540000 0.0047763155 -0.0878560245 -0.4776315477
9.550000 0.0038761241 -0.0921822443 -0.3876124132
9.560000 0.0029372682 -0.0955889405 -0.2937268208
9.570000 0.0019691129 -0.0980421310 -0.1969112851
9.580000 0.0009813155 -0.0995173452 -0.0981315469
9.590000 -0.0000162706 -0.0999998676 0.0016270595
9.600000 -0.0010136944 -0.0994848852 0.1013694359
9.610000 -0.0020010065 -0.0979775347 0.2001006458
9.620000 -0.0029683584 -0.0954928523 0.2968358394
9.630000 -0.0039061008 -0.0920556227 0.3906100769
9.640000 -0.0048048795 -0.0877001326 0.4804879546
9.650000 -0.0056557293 -0.0824698281 0.5655729349
9.660000 -0.0064501629 -0.0764168820 0.6450162900
9.670000 -0.0071802557 -0.0696016727 0.7180255674
9.680000 -0.0078387249 -0.0620921824 0.7838724949
9.690000 -0.0084190025 -0.0539633187 0.8419002455
9.700000 -0.0089152999 -0.0452961675 0.8915299886
9.710000 -0.0093226666 -0.0361771843 0.9322666645
9.720000 -0.0096370392 -0.0266973313 0.9637039223
9.730000 -0.0098552817 -0.0169511709 0.9855281734
9.740000 -0.0099752172 -0.0070359214 0.9975217196
9.750000 -0.0099956492 0.0029495118 0.9995649244
9.760000 -0.0099163741 0.0129055235 0.9916374067
9.770000 -0.0097381824 0.0227328017 0.9738182441
9.780000 -0.0094628518 0.0323333189 0.9462851838
9.790000 -0.0090931287 0.0416113091 0.9093128698
9.800000 -0.0086327010 0.0504742240 0.8632701032
9.810000 -0.0080861616 0.0588336553 0.8086161636
9.820000 -0.0074589623 0.0666062173 0.7458962272
9.830000 -0.0067573593 0.0737143781 0.6757359296
9.840000 -0.0059883512 0.0800872333 0.5988351238
9.850000 -0.0051596090 0.0856612135 0.5159609004
9.860000 -0.0042793993 0.0903807176 0.4279399349
9.870000 -0.0033565024 0.0941986685 0.3356502418
9.880000 -0.0024001242 0.0970769818 0.2400124166
9.890000 -0.0014198045 0.0989869462 0.1419804526
9.900000 -0.0004253222 0.0999095096 0.0425322248
9.910000 0.0005734026 0.0998354694 -0.0573402647
9.920000 0.0015664078 0.0987655641 -0.1566407814
9.930000 0.0025437880 0.0967104662 -0.2543787966
9.940000 0.0034957937 0.0936906754 -0.3495793674
9.950000 0.0044129286 0.0897363143 -0.4412928622
9.960000 0.0052860443 0.0848868278 -0.5286044333
9.970000 0.0061064314 0.0791905899 -0.6106431421
9.980000 0.0068659065 0.0727044210 -0.6865906475
9.990000 0.0075568937 0.0654930209 -0.7556893685
10.000000 0.0081725004 0.0576283238 -0.8172500408
10.010000 0.0087065859 0.0491887807 -0.8706585931
